

%% Sleep and Following Morning

 %% L Posterior EEG
w025_age = [54 55 56 57 60 61 62 63 64 66 67 71 72 75]; % Ch 20
w027_age = [59 60 61 62 65 66 67 68 70 71 72 74 75 76 77 78 81 82 83 84]; % Ch 44/20
w037_age = [ 46 47 48 49 50 51 53 54 55 56 57 58 59 61 62 64 65 66 67 68 69 72 73]; % Ch 12
w038_age = [ 50 51 52 54 55 56 57 58 59 60 62 63 65 66]; % Ch 28

 %% R Posterior EEG
 
 w025_age = [54 55 56 57 60 61 62 63 64 66 67 71 72 75 76 77 78 79 82 83 84 85]; % Ch 13
w027_age = [59 60 61 62 65 66 67 68 70 71 72 74 75 76 77 78 81 82 83 84]; % Ch 53/29
w038_age = [ 50 51 52 54 55 56 57 58 59 60 62 63 65 66]; % Ch 21